DOGE:0.22:0.30
BTC:50000:63000.35
ETH:3900:4500
ADA:2.20:2.30
SHIB:0.000066:0.00008