DOGE:0.22:0.30:0
BTC:50000:63000.35:0
ADA:1.9:2:0
SHIB:0.000066:0.00008:1
ETH:3900:4500:1